2.414323855084169554e+04 1.938219190861571709e-15
2.597812468070566683e+04 1.793601191942029983e-15
2.795787024187467978e+04 1.658157623671807853e-15
3.005833199579791471e+04 1.533337080363956082e-15
3.235193965812787428e+04 1.414552346693814971e-15
3.481454999031372427e+04 1.304942043672993851e-15
3.744616299235546467e+04 1.203057576988441562e-15
4.029506514135478938e+04 1.107933217098125513e-15
4.336125643731168384e+04 1.019568964002044913e-15
4.664473688022614806e+04 9.372405205436745795e-16
5.019379294719988684e+04 8.604650219519981161e-16
5.400842463823287108e+04 7.921396568531160639e-16
5.808863195332512259e+04 7.262286156093182559e-16
6.250684460812914767e+04 6.622490334495877054e-16
6.726306260264496086e+04 6.057538552406181839e-16
7.235728593687256216e+04 5.533630275852916706e-16
7.786194432646446512e+04 5.055594152546251524e-16
8.375289453286984644e+04 4.613772887065848527e-16
9.012670951029205753e+04 4.210580803266792157e-16
9.695924602018026053e+04 3.841189253438914024e-16
1.043229337781869690e+05 3.505598237582214620e-16
1.122419160228630353e+05 3.201393431841609011e-16
1.207644792313101498e+05 2.935817807782350029e-16
1.299389098806299880e+05 2.677485155288344371e-16
1.397893512093734171e+05 2.452953036765516457e-16
1.504123761717437883e+05 2.249425535781921064e-16
1.618321280062918959e+05 2.065695490410015478e-16
1.741210364286703116e+05 1.899590009180224984e-16
1.873273879159807111e+05 1.749660497779497635e-16
2.015477554224265041e+05 1.614941226665800936e-16
2.168545686636600876e+05 1.493017871984050445e-16
2.333202573553341499e+05 1.380510380337128241e-16
2.510896809287536307e+05 1.276453022183000596e-16
2.701628393839185592e+05 1.183018688991243212e-16
2.906845921521339915e+05 1.099483083605330855e-16
3.126549392333999276e+05 1.018361802074502816e-16
3.363153130132248043e+05 1.023190449784671016e-05
3.619071458771170001e+05 5.144924135184365674e-05
3.894304378250764566e+05 2.234215295494890445e-04
4.188851888571034651e+05 9.118901200652908788e-04
4.507542637442144915e+05 3.317280976885648904e-03
4.850376624864096520e+05 1.093688706353128891e-02
5.217353850836890051e+05 3.254508556653460533e-02
5.613302963070694823e+05 8.901612053695333315e-02
6.040638285420591710e+05 2.240009672747092784e-01
6.499359817886585370e+05 5.239082765532647734e-01
6.991881884323754348e+05 1.145113804466421747e+00
7.523033132442272035e+05 2.367968837066553700e+00
8.095227886097220471e+05 4.657230716457363862e+00
8.708466145288599655e+05 8.454962140504763468e+00
9.369990881581662688e+05 1.487947791888373850e+01
1.008221641883149161e+06 2.496410866157031450e+01
1.084755708089317428e+06 4.007777599439722138e+01
1.167084151547687594e+06 6.171011773595137839e+01
1.255689837029276416e+06 9.196159564015601973e+01
1.351055629305101233e+06 1.313875041936805133e+02
1.453422960760670248e+06 1.817985862878379635e+02
1.563757560938016511e+06 2.426395474359590594e+02
1.682542294608157594e+06 3.165178574015346840e+02
1.810260026542110369e+06 3.959491122338038736e+02
1.947876486281908117e+06 4.823819062458170492e+02
2.095633106213059044e+06 5.741262127390156138e+02
2.254737048263106029e+06 6.627318982206045348e+02
2.426395474359590560e+06 7.445774769079579301e+02
2.609884087345987093e+06 8.211115431141262206e+02
2.807858643462888896e+06 8.855739900448734261e+02
3.020319142710295971e+06 9.386891148567252685e+02
3.249679908943292219e+06 9.782840260801054910e+02
3.498355266016962007e+06 1.005083020871539816e+03
3.763930890076220501e+06 1.020051828773061743e+03
4.048821104976152070e+06 1.022224720242637432e+03
4.355440234571842477e+06 1.015464613448401792e+03
4.686202602718372829e+06 1.000012940775863171e+03
5.043522533270830289e+06 9.770768641525635303e+02
5.424985702374127693e+06 9.495535722046039382e+02
5.837835081593521871e+06 9.167187677754592414e+02
6.279656347073925659e+06 8.814696394912303958e+02
6.757692470380590297e+06 8.433233225809004807e+02
7.269529127658434212e+06 8.039698437430284912e+02
7.822409290472709574e+06 7.641335001341396946e+02
8.416332958823414519e+06 7.240557241397424377e+02
9.056128780420720577e+06 6.839779481453451808e+02
9.741796755264623091e+06 6.448659016929817653e+02
1.048299417877546512e+07 6.072024495536686572e+02
1.127730672709815763e+07 5.702632945708809302e+02
1.213439169565303624e+07 5.347727339011436243e+02
1.305666340829518810e+07 5.012136323154736601e+02
1.404653618887969665e+07 4.693445574283626343e+02
1.511366733282690123e+07 4.389240768543020295e+02
1.626047116399188153e+07 4.101936229788004198e+02
1.749419065393989161e+07 3.833946281873661519e+02
1.882206877423618734e+07 3.582856600944908223e+02
2.025134849644601345e+07 3.348667187001743173e+02
2.178927279213463143e+07 3.131378040044168074e+02
2.344308463286728412e+07 2.928574836217097754e+02
2.522968428562957048e+07 2.740257575520532782e+02
2.713700013114606589e+07 2.566426257954472590e+02
2.918917540796760842e+07 2.406839451133408829e+02
3.141035335464504361e+07 2.261014290286324808e+02
3.380053397117837518e+07 2.126295019172628145e+02
