1.299314125965113199e+05 7.607702591043606949e-07
1.397955126774096861e+05 5.129418717159863486e-06
1.504084730105100025e+05 2.428212960168246642e-05
1.618271453788161743e+05 1.039128491965423399e-04
1.741126976245984551e+05 3.954857923672090085e-04
1.873309413148879248e+05 1.366560227021232062e-03
2.015526842825970962e+05 4.325527832862782231e-03
2.168541099317678891e+05 1.264124359715565124e-02
2.333171853388194577e+05 3.434593420933958891e-02
2.510301003359232855e+05 8.728597977717150735e-02
2.700877399285986321e+05 2.086134647545912491e-01
2.905921925781873870e+05 4.711562969281768432e-01
3.126532970719893347e+05 1.010023197913660242e+00
3.363892309105456225e+05 2.063237986826777615e+00
3.619271433639590978e+05 4.031052710688399543e+00
3.894038365884242230e+05 7.557507060284804901e+00
4.189664984515889664e+05 1.363810600656399785e+01
4.507734909923672676e+05 2.375491991762645227e+01
4.849951987388436683e+05 4.004023425697730687e+01
5.218149414285618113e+05 6.546505437254154458e+01
5.614299560204808367e+05 1.040457349514706067e+02
6.040524532590669114e+05 1.610641769699539907e+02
6.499107544503494864e+05 2.432879176736883267e+02
6.992505145394547144e+05 3.591757575411012908e+02
7.523360380414293613e+05 5.190675221417434386e+02
8.094516948745674454e+05 7.353303093317770163e+02
8.709034436806135345e+05 1.022417313262803304e+03
9.370204707920025103e+05 1.396935818214906703e+03
1.008156953625800204e+06 1.877589519796471222e+03
1.084693957950538257e+06 2.485116783975113776e+03
1.167041479189271806e+06 3.241984895416143445e+03
1.255640638693766668e+06 4.172411012035511703e+03
1.350966046754873358e+06 5.301786795136207729e+03
1.453528345007324591e+06 6.656729349440290207e+03
1.563876941848176531e+06 8.264499007604146755e+03
1.682602955522054574e+06 1.015313581892875300e+04
1.810342380638799397e+06 1.235067713924868440e+04
1.947779495085998205e+06 1.488550402029567340e+04
2.095650525586638367e+06 1.778642614585890260e+04
2.254747591537639499e+06 2.108227032278916158e+04
2.425922948255719151e+06 2.480153907817341678e+04
2.610093552360926755e+06 2.897388661069312366e+04
2.808245973753804341e+06 3.362941093107042252e+04
3.021441680498789065e+06 3.879847663725454186e+04
3.250822724924053997e+06 4.451346984414378676e+04
3.497617861397238448e+06 5.080853461949667690e+04
3.763149128548923880e+06 5.771972335660018143e+04
4.048838931203688029e+06 6.528424038234363252e+04
4.356217659955407493e+06 7.354093991493828071e+04
4.686931889203545637e+06 8.253474335279368097e+04
5.042753197565887123e+06 9.231163829263161460e+04
5.425587657917130738e+06 1.029188449590049859e+05
5.837486047889830545e+06 1.144101711716024874e+05
6.280654835533560254e+06 1.268395681755511032e+05
6.757467998980570585e+06 1.402649683921897376e+05
7.270479743433829397e+06 1.547470326791619591e+05
7.822438183600138873e+06 1.703484083244924259e+05
8.416300064862748608e+06 1.871331904127646121e+05
9.055246602052221075e+06 2.051650777249344392e+05
9.742700520661093295e+06 2.245090101986116497e+05
1.048234439178916067e+07 2.452259183890389104e+05
1.127814035903648660e+07 2.673730099309070501e+05
1.213435136301768944e+07 2.910025003208812559e+05
1.305556397719353065e+07 3.161586042686144938e+05
1.404671297734737210e+07 3.428746090799259255e+05
1.511310777632093988e+07 3.711727309104022570e+05
1.626046086561565287e+07 4.010683448586846353e+05
1.749491841621624306e+07 4.325615223769140430e+05
1.882309320255996287e+07 4.656475537914957968e+05
2.025210002601933107e+07 5.003177150325517287e+05
2.178959382765589654e+07 5.365613863086410565e+05
2.344381069440836459e+07 5.743520265001492808e+05
2.522361197837815806e+07 6.138250891353540355e+05
2.713853176555170119e+07 6.548562250369845424e+05
2.919882794824116305e+07 6.975958107481435873e+05
3.141553717482981086e+07 7.421319474763978506e+05
3.380053397117823362e+07 7.885769209350297460e+05
