#   E/N        Ee         D/mu       muN        DN         alpha/N    ea/N       vo/N       veff/N     power/N    powel/N    powinel/N
#   d          eV         eV         1/(m.V.s)  1/(m.s)    m2         m2         m3/s       m3/s       eV.m3/s    eV.m3/s    eV.m3/s
1   1.000E-01  4.024E-02  3.240E-02  3.491E+25  1.131E+24  0.000E+00  1.272E-40  4.072E-15  5.039E-15  3.590E-19  9.375E-21  3.496E-19
2   1.468E-01  6.189E-02  4.920E-02  2.351E+25  1.157E+24  0.000E+00  2.347E-40  6.149E-15  7.481E-15  5.215E-19  2.164E-20  4.998E-19
3   2.154E-01  9.369E-02  7.607E-02  1.555E+25  1.183E+24  0.000E+00  2.719E-40  9.091E-15  1.131E-14  7.438E-19  4.640E-20  6.974E-19
4   3.162E-01  1.269E-01  1.087E-01  1.112E+25  1.208E+24  0.000E+00  2.325E-40  1.203E-14  1.582E-14  1.140E-18  7.903E-20  1.061E-18
5   4.642E-01  1.570E-01  1.399E-01  8.803E+24  1.231E+24  0.000E+00  1.716E-40  1.458E-14  1.998E-14  1.931E-18  1.153E-19  1.816E-18
6   6.813E-01  1.887E-01  1.703E-01  7.378E+24  1.256E+24  0.000E+00  1.191E-40  1.709E-14  2.384E-14  3.464E-18  1.602E-19  3.304E-18
7   1.000E+00  2.274E-01  2.038E-01  6.329E+24  1.290E+24  0.000E+00  8.027E-41  1.991E-14  2.779E-14  6.374E-18  2.235E-19  6.145E-18
8   1.468E+00  2.834E-01  2.468E-01  5.440E+24  1.343E+24  0.000E+00  5.299E-41  2.351E-14  3.233E-14  1.177E-17  3.312E-19  1.143E-17
9   2.154E+00  3.801E-01  3.140E-01  4.578E+24  1.438E+24  0.000E+00  3.417E-41  2.883E-14  3.842E-14  2.131E-17  5.541E-19  2.076E-17
10  3.162E+00  5.328E-01  4.270E-01  3.702E+24  1.581E+24  0.000E+00  2.145E-41  3.636E-14  4.752E-14  3.709E-17  9.684E-19  3.612E-17
11  4.642E+00  7.035E-01  5.864E-01  2.939E+24  1.723E+24  0.000E+00  1.329E-41  4.453E-14  5.985E-14  6.341E-17  1.505E-18  6.190E-17
12  6.813E+00  8.425E-01  7.612E-01  2.391E+24  1.820E+24  0.000E+00  8.398E-42  5.144E-14  7.356E-14  1.111E-16  2.012E-18  1.091E-16
13  1.000E+01  9.383E-01  9.214E-01  2.031E+24  1.871E+24  0.000E+00  5.514E-42  5.677E-14  8.662E-14  2.032E-16  2.424E-18  2.008E-16
14  1.468E+01  1.002E+00  1.054E+00  1.794E+24  1.892E+24  0.000E+00  1.330E-30  6.114E-14  9.802E-14  3.867E-16  2.760E-18  3.840E-16
15  2.154E+01  1.047E+00  1.160E+00  1.633E+24  1.894E+24  1.421E-32  1.289E-27  6.546E-14  1.077E-13  7.584E-16  3.075E-18  7.554E-16
16  3.162E+01  1.091E+00  1.248E+00  1.510E+24  1.885E+24  5.271E-29  1.128E-25  7.104E-14  1.165E-13  1.510E-15  3.476E-18  1.507E-15
17  4.642E+01  1.190E+00  1.355E+00  1.395E+24  1.889E+24  1.491E-26  2.026E-24  8.016E-14  1.261E-13  3.005E-15  4.351E-18  3.000E-15
18  6.813E+01  1.593E+00  1.601E+00  1.280E+24  2.049E+24  8.313E-25  1.210E-23  9.727E-14  1.374E-13  5.941E-15  7.326E-18  5.939E-15
19  1.000E+02  2.635E+00  2.194E+00  1.174E+24  2.575E+24  1.528E-23  3.061E-23  1.224E-13  1.498E-13  1.174E-14  1.464E-17  1.172E-14
20  1.468E+02  4.101E+00  3.098E+00  1.078E+24  3.338E+24  1.261E-22  4.175E-23  1.459E-13  1.632E-13  2.322E-14  2.542E-17  2.312E-14
21  2.154E+02  5.647E+00  4.135E+00  9.865E+23  4.079E+24  5.995E-22  4.002E-23  1.644E-13  1.783E-13  4.579E-14  3.828E-17  4.509E-14
22  3.162E+02  7.359E+00  5.323E+00  8.978E+23  4.779E+24  1.962E-21  3.220E-23  1.822E-13  1.959E-13  8.978E-14  5.482E-17  8.570E-14
23  4.642E+02  9.504E+00  6.817E+00  8.094E+23  5.518E+24  4.893E-21  2.375E-23  2.033E-13  2.173E-13  1.744E-13  7.822E-17  1.569E-13
24  6.813E+02  1.243E+01  8.820E+00  7.242E+23  6.388E+24  9.905E-21  1.681E-23  2.300E-13  2.429E-13  3.361E-13  1.132E-16  2.754E-13
25  1.000E+03  1.657E+01  1.162E+01  6.424E+23  7.464E+24  1.707E-20  1.181E-23  2.640E-13  2.738E-13  6.424E-13  1.670E-16  4.605E-13
