efield[V/m]_vs_mu[m2/Vs]
ARGON
COMMENT: data generated by bolos
-----------------------
2.414323855084169554e+04 1.243065562468082391e-01
2.597613882171045407e+04 1.177184223453927731e-01
2.794818875122489044e+04 1.114719295219100542e-01
3.006995226793526308e+04 1.055489560748017891e-01
3.235279529004456344e+04 9.993019869404766442e-02
3.480894661065589753e+04 9.459585184973035021e-02
3.745156340529064619e+04 8.953009662900565657e-02
4.029480171258984046e+04 8.471762196097944175e-02
4.335389226575152861e+04 8.014427261720218076e-02
4.664522208092003711e+04 7.579861700105343381e-02
5.018642223958190152e+04 7.167011780755128125e-02
5.399646233520348324e+04 6.775012003997742116e-02
5.809575209004455246e+04 6.403227699594206401e-02
6.250625068649133027e+04 6.051463964463805328e-02
6.725158439857803751e+04 5.720337424327051612e-02
7.235717315382850938e+04 5.411880540749190033e-02
7.785036670338759723e+04 5.130059062665461023e-02
8.376059112988223205e+04 4.880606460573708172e-02
9.011950647782905435e+04 4.669781130481373554e-02
9.696117635098753090e+04 4.502324551794628649e-02
1.043222503851619113e+05 4.379491642000375023e-02
1.122421605739271909e+05 4.298415512942872774e-02
1.207633324989618268e+05 4.252673339452985035e-02
1.299314125965113199e+05 4.234146305661499327e-02
1.397955126774096861e+05 4.234445170760687410e-02
1.504084730105100025e+05 4.246199742882925815e-02
1.618271453788161743e+05 4.263597571850331197e-02
1.741126976245984551e+05 4.282294838654483043e-02
1.873309413148879248e+05 4.299308034875338330e-02
2.015526842825970962e+05 4.312806098116098164e-02
2.168541099317678891e+05 4.321708334119157141e-02
2.333171853388194577e+05 4.325480784413417157e-02
2.510301003359232855e+05 4.323959927666642250e-02
2.700877399285986321e+05 4.317206661732166106e-02
2.905921925781873870e+05 4.305499631627510843e-02
3.126532970719893347e+05 4.289070199160659180e-02
3.363892309105456225e+05 4.268374817197827936e-02
3.619271433639590978e+05 4.243690781390562633e-02
3.894038365884242230e+05 4.215417482660472476e-02
4.189664984515889664e+05 4.183926463259301370e-02
4.507734909923672676e+05 4.149613014821303819e-02
4.849951987388436683e+05 4.112815192006438053e-02
5.218149414285618113e+05 4.073865261535063176e-02
5.614299560204808367e+05 4.033135066276917480e-02
6.040524532590669114e+05 3.990968370126865561e-02
6.499107544503494864e+05 3.947699585743118245e-02
6.992505145394547144e+05 3.903665224742455808e-02
7.523360380414293613e+05 3.859147810914293625e-02
8.094516948745674454e+05 3.814421838063653675e-02
8.709034436806135345e+05 3.769812228402667775e-02
9.370204707920025103e+05 3.725559395958592118e-02
1.008156953625800204e+06 3.681883981866120731e-02
1.084693957950538257e+06 3.638945933775632191e-02
1.167041479189271806e+06 3.596958096566359175e-02
1.255640638693766668e+06 3.555989763740426135e-02
1.350966046754873358e+06 3.516184490806216478e-02
1.453528345007324591e+06 3.477563106884488942e-02
1.563876941848176531e+06 3.440182684486708248e-02
1.682602955522054574e+06 3.404015105436649508e-02
1.810342380638799397e+06 3.369074269889529849e-02
1.947779495085998205e+06 3.335308388030144150e-02
2.095650525586638367e+06 3.302634714190349347e-02
2.254747591537639499e+06 3.270956745868024151e-02
2.425922948255719151e+06 3.240269158850576231e-02
2.610093552360926755e+06 3.210435221825463231e-02
2.808245973753804341e+06 3.181358092719993591e-02
3.021441680498789065e+06 3.152999151522805493e-02
3.250822724924053997e+06 3.125221512893646553e-02
3.497617861397238448e+06 3.097942343635856285e-02
3.763149128548923880e+06 3.071059463484185001e-02
4.048838931203688029e+06 3.044499252649019577e-02
4.356217659955407493e+06 3.018259822496992956e-02
4.686931889203545637e+06 2.992194881023469907e-02
5.042753197565887123e+06 2.966246005187510998e-02
5.425587657917130738e+06 2.940407166594602092e-02
5.837486047889830545e+06 2.914581048136997976e-02
6.280654835533560254e+06 2.888766725894467355e-02
6.757467998980570585e+06 2.862933290394399991e-02
7.270479743433829397e+06 2.837059718325315658e-02
7.822438183600138873e+06 2.811136093216787257e-02
8.416300064862748608e+06 2.785161600953344613e-02
9.055246602052221075e+06 2.759146615394253779e-02
9.742700520661093295e+06 2.733069436445597147e-02
1.048234439178916067e+07 2.706915661672311055e-02
1.127814035903648660e+07 2.680631472926644360e-02
1.213435136301768944e+07 2.654100649450191751e-02
1.305556397719353065e+07 2.627144027412261357e-02
1.404671297734737210e+07 2.599506105120648683e-02
1.511310777632093988e+07 2.570827612390818792e-02
1.626046086561565287e+07 2.540634918501399886e-02
1.749491841621624306e+07 2.508379794978585903e-02
1.882309320255996287e+07 2.473429318502440993e-02
2.025210002601933107e+07 2.435108932825140807e-02
2.178959382765589654e+07 2.392752921155285803e-02
2.344381069440836459e+07 2.345782394646143965e-02
2.522361197837815806e+07 2.293439568862900430e-02
2.713853176555170119e+07 2.235608718240926843e-02
2.919882794824116305e+07 2.171914313576563810e-02
3.141553717482981086e+07 2.102323319926922840e-02
3.380053397117823362e+07 2.027015021182370508e-02
-----------------------



efield[V/m]_vs_dif[m2/s]
ARGON
COMMENT: data generated by bolos
-----------------------
2.414323855084169554e+04 4.950374839561115792e-01
2.597613882171045407e+04 4.847467928215782318e-01
2.794818875122489044e+04 4.747083600451413865e-01
3.006995226793526308e+04 4.649188125808398353e-01
3.235279529004456344e+04 4.553728145422747953e-01
3.480894661065589753e+04 4.460632813742930192e-01
3.745156340529064619e+04 4.369857848199082406e-01
4.029480171258984046e+04 4.281348501678887142e-01
4.335389226575152861e+04 4.195041312854962956e-01
4.664522208092003711e+04 4.110878436668524150e-01
5.018642223958190152e+04 4.028784809311141690e-01
5.399646233520348324e+04 3.948680385755097277e-01
5.809575209004455246e+04 3.870492158264038918e-01
6.250625068649133027e+04 3.794198217957211461e-01
6.725158439857803751e+04 3.719912905100606348e-01
7.235717315382850938e+04 3.648030379732490891e-01
7.785036670338759723e+04 3.579376941289345582e-01
8.376059112988223205e+04 3.515253536285612435e-01
9.011950647782905435e+04 3.457257525341444482e-01
9.696117635098753090e+04 3.406889377289541998e-01
1.043222503851619113e+05 3.365094282832423733e-01
1.122421605739271909e+05 3.332004731014795440e-01
1.207633324989618268e+05 3.306931755643285897e-01
1.299314125965113199e+05 3.288654332426286242e-01
1.397955126774096861e+05 3.275699471128178941e-01
1.504084730105100025e+05 3.266630435450850189e-01
1.618271453788161743e+05 3.260206111681134278e-01
1.741126976245984551e+05 3.255414491084657191e-01
1.873309413148879248e+05 3.251485991389128638e-01
2.015526842825970962e+05 3.247875157485798359e-01
2.168541099317678891e+05 3.244195929488493668e-01
2.333171853388194577e+05 3.240187145631575616e-01
2.510301003359232855e+05 3.235679397021408721e-01
2.700877399285986321e+05 3.230565668539270852e-01
2.905921925781873870e+05 3.224797701595635280e-01
3.126532970719893347e+05 3.218333445168916063e-01
3.363892309105456225e+05 3.211186269316766428e-01
3.619271433639590978e+05 3.203345840199445238e-01
3.894038365884242230e+05 3.194833442249535582e-01
4.189664984515889664e+05 3.185672718331580278e-01
4.507734909923672676e+05 3.175897787046653709e-01
4.849951987388436683e+05 3.165535615570330696e-01
5.218149414285618113e+05 3.154617392428470390e-01
5.614299560204808367e+05 3.143185305261072537e-01
6.040524532590669114e+05 3.131278912222857924e-01
6.499107544503494864e+05 3.118937352099296900e-01
6.992505145394547144e+05 3.106202852663752512e-01
7.523360380414293613e+05 3.093110706364192719e-01
8.094516948745674454e+05 3.079691376076735265e-01
8.709034436806135345e+05 3.065987773254992832e-01
9.370204707920025103e+05 3.052023752128312784e-01
1.008156953625800204e+06 3.037819854085944127e-01
1.084693957950538257e+06 3.023381783364585962e-01
1.167041479189271806e+06 3.008722843883189224e-01
1.255640638693766668e+06 2.993825802600947328e-01
1.350966046754873358e+06 2.978682426111924908e-01
1.453528345007324591e+06 2.963262676511406180e-01
1.563876941848176531e+06 2.947537823404448032e-01
1.682602955522054574e+06 2.931462797436755197e-01
1.810342380638799397e+06 2.915007539496267119e-01
1.947779495085998205e+06 2.898138055123454793e-01
2.095650525586638367e+06 2.880819432697377946e-01
2.254747591537639499e+06 2.863042254345222748e-01
2.425922948255719151e+06 2.844810453969876529e-01
2.610093552360926755e+06 2.826148696424746753e-01
2.808245973753804341e+06 2.807103731341658581e-01
3.021441680498789065e+06 2.787744173867386377e-01
3.250822724924053997e+06 2.768161488070399190e-01
3.497617861397238448e+06 2.748452547261771017e-01
3.763149128548923880e+06 2.728733350124833423e-01
4.048838931203688029e+06 2.709133191557755449e-01
4.356217659955407493e+06 2.689774050670037941e-01
4.686931889203545637e+06 2.670777176722790025e-01
5.042753197565887123e+06 2.652266854661730622e-01
5.425587657917130738e+06 2.634366722603306843e-01
5.837486047889830545e+06 2.617199650062356220e-01
6.280654835533560254e+06 2.600892532613086616e-01
6.757467998980570585e+06 2.585582605555336588e-01
7.270479743433829397e+06 2.571420089143008347e-01
7.822438183600138873e+06 2.558574542538058494e-01
8.416300064862748608e+06 2.547239217118089649e-01
9.055246602052221075e+06 2.537637882627065689e-01
9.742700520661093295e+06 2.530028325865733008e-01
1.048234439178916067e+07 2.524707286919811722e-01
1.127814035903648660e+07 2.522013187577302196e-01
1.213435136301768944e+07 2.522326892740764936e-01
1.305556397719353065e+07 2.526068112965743628e-01
1.404671297734737210e+07 2.533689508183701311e-01
1.511310777632093988e+07 2.545664870634938293e-01
1.626046086561565287e+07 2.562470021028316336e-01
1.749491841621624306e+07 2.584562344220923680e-01
1.882309320255996287e+07 2.612351608928043523e-01
2.025210002601933107e+07 2.646171121018061068e-01
2.178959382765589654e+07 2.686249177942146571e-01
2.344381069440836459e+07 2.732676162349351734e-01
2.522361197837815806e+07 2.785445942953297394e-01
2.713853176555170119e+07 2.844302584519663446e-01
2.919882794824116305e+07 2.908928960677357733e-01
3.141553717482981086e+07 2.978833054420372828e-01
3.380053397117823362e+07 3.053397215463121150e-01
-----------------------



efield[V/m]_vs_alpha[1/m]
ARGON
COMMENT: data generated by bolos
-----------------------
2.414323855084169554e+04 9.999999999999999791e-17
2.597613882171045407e+04 9.999999999999999791e-17
2.794818875122489044e+04 9.999999999999999791e-17
3.006995226793526308e+04 9.999999999999999791e-17
3.235279529004456344e+04 9.999999999999999791e-17
3.480894661065589753e+04 9.999999999999999791e-17
3.745156340529064619e+04 9.999999999999999791e-17
4.029480171258984046e+04 9.999999999999999791e-17
4.335389226575152861e+04 9.999999999999999791e-17
4.664522208092003711e+04 9.999999999999999791e-17
5.018642223958190152e+04 9.999999999999999791e-17
5.399646233520348324e+04 9.999999999999999791e-17
5.809575209004455246e+04 9.999999999999999791e-17
6.250625068649133027e+04 9.999999999999999791e-17
6.725158439857803751e+04 9.999999999999999791e-17
7.235717315382850938e+04 6.103205545625398711e-16
7.785036670338759723e+04 2.286629935164599945e-14
8.376059112988223205e+04 6.102733673090075598e-13
9.011950647782905435e+04 1.197866683539241174e-11
9.696117635098753090e+04 1.782091211857206341e-10
1.043222503851619113e+05 2.066080914539633050e-09
1.122421605739271909e+05 1.916945958220432620e-08
1.207633324989618268e+05 1.459624390115563332e-07
1.299314125965113199e+05 9.334045684774340190e-07
1.397955126774096861e+05 5.117555863979357720e-06
1.504084730105100025e+05 2.449380167715295981e-05
1.618271453788161743e+05 1.038684677857686192e-04
1.741126976245984551e+05 3.954686318558924257e-04
1.873309413148879248e+05 1.366562344313139617e-03
2.015526842825970962e+05 4.325516439582391924e-03
2.168541099317678891e+05 1.264117344506674942e-02
2.333171853388194577e+05 3.434597707694018315e-02
2.510301003359232855e+05 8.728596299174852524e-02
2.700877399285986321e+05 2.086134827484446563e-01
2.905921925781873870e+05 4.711561452474578582e-01
3.126532970719893347e+05 1.010023246555124210e+00
3.363892309105456225e+05 2.063237967629261593e+00
3.619271433639590978e+05 4.031052709891291386e+00
3.894038365884242230e+05 7.557507036591256444e+00
4.189664984515889664e+05 1.363810601171779346e+01
4.507734909923672676e+05 2.375491996382820048e+01
4.849951987388436683e+05 4.004023427603418384e+01
5.218149414285618113e+05 6.546505440414712496e+01
5.614299560204808367e+05 1.040457349609763327e+02
6.040524532590669114e+05 1.610641769580481082e+02
6.499107544503494864e+05 2.432879176677381281e+02
6.992505145394547144e+05 3.591757575338199899e+02
7.523360380414293613e+05 5.190675221580298739e+02
8.094516948745674454e+05 7.353303093217582500e+02
8.709034436806135345e+05 1.022417313266175711e+03
9.370204707920025103e+05 1.396935818221428008e+03
1.008156953625800204e+06 1.877589519801511642e+03
1.084693957950538257e+06 2.485116783963051603e+03
1.167041479189271806e+06 3.241984895413079357e+03
1.255640638693766668e+06 4.172411012001429299e+03
1.350966046754873358e+06 5.301786795142995288e+03
1.453528345007324591e+06 6.656729349432191157e+03
1.563876941848176531e+06 8.264499007601860285e+03
1.682602955522054574e+06 1.015313581894338859e+04
1.810342380638799397e+06 1.235067713924205600e+04
1.947779495085998205e+06 1.488550402028596000e+04
2.095650525586638367e+06 1.778642614586084528e+04
2.254747591537639499e+06 2.108227032280704589e+04
2.425922948255719151e+06 2.480153907816744322e+04
2.610093552360926755e+06 2.897388661070640592e+04
2.808245973753804341e+06 3.362941093103427556e+04
3.021441680498789065e+06 3.879847663724653830e+04
3.250822724924053997e+06 4.451346984417179920e+04
3.497617861397238448e+06 5.080853461954908562e+04
3.763149128548923880e+06 5.771972335658708471e+04
4.048838931203688029e+06 6.528424038233832835e+04
4.356217659955407493e+06 7.354093991492675559e+04
4.686931889203545637e+06 8.253474335277926002e+04
5.042753197565887123e+06 9.231163829261950741e+04
5.425587657917130738e+06 1.029188449590197124e+05
5.837486047889830545e+06 1.144101711716084683e+05
6.280654835533560254e+06 1.268395681755212863e+05
6.757467998980570585e+06 1.402649683921723044e+05
7.270479743433829397e+06 1.547470326791819243e+05
7.822438183600138873e+06 1.703484083244655631e+05
8.416300064862748608e+06 1.871331904128682218e+05
9.055246602052221075e+06 2.051650777249253006e+05
9.742700520661093295e+06 2.245090101985866204e+05
1.048234439178916067e+07 2.452259183890439454e+05
1.127814035903648660e+07 2.673730099309110083e+05
1.213435136301768944e+07 2.910025003208825365e+05
1.305556397719353065e+07 3.161586042686248547e+05
1.404671297734737210e+07 3.428746090799161466e+05
1.511310777632093988e+07 3.711727309104176820e+05
1.626046086561565287e+07 4.010683448586881859e+05
1.749491841621624306e+07 4.325615223769035074e+05
1.882309320255996287e+07 4.656475537914625020e+05
2.025210002601933107e+07 5.003177150325787952e+05
2.178959382765589654e+07 5.365613863086964702e+05
2.344381069440836459e+07 5.743520265001467196e+05
2.522361197837815806e+07 6.138250891353629995e+05
2.713853176555170119e+07 6.548562250369725516e+05
2.919882794824116305e+07 6.975958107482030755e+05
3.141553717482981086e+07 7.421319474764076294e+05
3.380053397117823362e+07 7.885769209350552410e+05
-----------------------



efield[V/m]_vs_eta[1/m]
ARGON
COMMENT: data generated by bolos
-----------------------
2.414323855084169554e+04 0.000000000000000000e+00
2.597613882171045407e+04 0.000000000000000000e+00
2.794818875122489044e+04 0.000000000000000000e+00
3.006995226793526308e+04 0.000000000000000000e+00
3.235279529004456344e+04 0.000000000000000000e+00
3.480894661065589753e+04 0.000000000000000000e+00
3.745156340529064619e+04 0.000000000000000000e+00
4.029480171258984046e+04 0.000000000000000000e+00
4.335389226575152861e+04 0.000000000000000000e+00
4.664522208092003711e+04 0.000000000000000000e+00
5.018642223958190152e+04 0.000000000000000000e+00
5.399646233520348324e+04 0.000000000000000000e+00
5.809575209004455246e+04 0.000000000000000000e+00
6.250625068649133027e+04 0.000000000000000000e+00
6.725158439857803751e+04 0.000000000000000000e+00
7.235717315382850938e+04 0.000000000000000000e+00
7.785036670338759723e+04 0.000000000000000000e+00
8.376059112988223205e+04 0.000000000000000000e+00
9.011950647782905435e+04 0.000000000000000000e+00
9.696117635098753090e+04 0.000000000000000000e+00
1.043222503851619113e+05 0.000000000000000000e+00
1.122421605739271909e+05 0.000000000000000000e+00
1.207633324989618268e+05 0.000000000000000000e+00
1.299314125965113199e+05 0.000000000000000000e+00
1.397955126774096861e+05 0.000000000000000000e+00
1.504084730105100025e+05 0.000000000000000000e+00
1.618271453788161743e+05 0.000000000000000000e+00
1.741126976245984551e+05 0.000000000000000000e+00
1.873309413148879248e+05 0.000000000000000000e+00
2.015526842825970962e+05 0.000000000000000000e+00
2.168541099317678891e+05 0.000000000000000000e+00
2.333171853388194577e+05 0.000000000000000000e+00
2.510301003359232855e+05 0.000000000000000000e+00
2.700877399285986321e+05 0.000000000000000000e+00
2.905921925781873870e+05 0.000000000000000000e+00
3.126532970719893347e+05 0.000000000000000000e+00
3.363892309105456225e+05 0.000000000000000000e+00
3.619271433639590978e+05 0.000000000000000000e+00
3.894038365884242230e+05 0.000000000000000000e+00
4.189664984515889664e+05 0.000000000000000000e+00
4.507734909923672676e+05 0.000000000000000000e+00
4.849951987388436683e+05 0.000000000000000000e+00
5.218149414285618113e+05 0.000000000000000000e+00
5.614299560204808367e+05 0.000000000000000000e+00
6.040524532590669114e+05 0.000000000000000000e+00
6.499107544503494864e+05 0.000000000000000000e+00
6.992505145394547144e+05 0.000000000000000000e+00
7.523360380414293613e+05 0.000000000000000000e+00
8.094516948745674454e+05 0.000000000000000000e+00
8.709034436806135345e+05 0.000000000000000000e+00
9.370204707920025103e+05 0.000000000000000000e+00
1.008156953625800204e+06 0.000000000000000000e+00
1.084693957950538257e+06 0.000000000000000000e+00
1.167041479189271806e+06 0.000000000000000000e+00
1.255640638693766668e+06 0.000000000000000000e+00
1.350966046754873358e+06 0.000000000000000000e+00
1.453528345007324591e+06 0.000000000000000000e+00
1.563876941848176531e+06 0.000000000000000000e+00
1.682602955522054574e+06 0.000000000000000000e+00
1.810342380638799397e+06 0.000000000000000000e+00
1.947779495085998205e+06 0.000000000000000000e+00
2.095650525586638367e+06 0.000000000000000000e+00
2.254747591537639499e+06 0.000000000000000000e+00
2.425922948255719151e+06 0.000000000000000000e+00
2.610093552360926755e+06 0.000000000000000000e+00
2.808245973753804341e+06 0.000000000000000000e+00
3.021441680498789065e+06 0.000000000000000000e+00
3.250822724924053997e+06 0.000000000000000000e+00
3.497617861397238448e+06 0.000000000000000000e+00
3.763149128548923880e+06 0.000000000000000000e+00
4.048838931203688029e+06 0.000000000000000000e+00
4.356217659955407493e+06 0.000000000000000000e+00
4.686931889203545637e+06 0.000000000000000000e+00
5.042753197565887123e+06 0.000000000000000000e+00
5.425587657917130738e+06 0.000000000000000000e+00
5.837486047889830545e+06 0.000000000000000000e+00
6.280654835533560254e+06 0.000000000000000000e+00
6.757467998980570585e+06 0.000000000000000000e+00
7.270479743433829397e+06 0.000000000000000000e+00
7.822438183600138873e+06 0.000000000000000000e+00
8.416300064862748608e+06 0.000000000000000000e+00
9.055246602052221075e+06 0.000000000000000000e+00
9.742700520661093295e+06 0.000000000000000000e+00
1.048234439178916067e+07 0.000000000000000000e+00
1.127814035903648660e+07 0.000000000000000000e+00
1.213435136301768944e+07 0.000000000000000000e+00
1.305556397719353065e+07 0.000000000000000000e+00
1.404671297734737210e+07 0.000000000000000000e+00
1.511310777632093988e+07 0.000000000000000000e+00
1.626046086561565287e+07 0.000000000000000000e+00
1.749491841621624306e+07 0.000000000000000000e+00
1.882309320255996287e+07 0.000000000000000000e+00
2.025210002601933107e+07 0.000000000000000000e+00
2.178959382765589654e+07 0.000000000000000000e+00
2.344381069440836459e+07 0.000000000000000000e+00
2.522361197837815806e+07 0.000000000000000000e+00
2.713853176555170119e+07 0.000000000000000000e+00
2.919882794824116305e+07 0.000000000000000000e+00
3.141553717482981086e+07 0.000000000000000000e+00
3.380053397117823362e+07 0.000000000000000000e+00
-----------------------



efield[V/m]_vs_energy[eV]
ARGON
COMMENT: data generated by bolos
-----------------------
2.414323855084169554e+04 2.452528127796457902e+00
2.597613882171045407e+04 2.543451677889634777e+00
2.794818875122489044e+04 2.637784130934971216e+00
3.006995226793526308e+04 2.735578769171995273e+00
3.235279529004456344e+04 2.836882616675508562e+00
3.480894661065589753e+04 2.941735589548772012e+00
3.745156340529064619e+04 3.050141942825876029e+00
4.029480171258984046e+04 3.162092228908084834e+00
4.335389226575152861e+04 3.277567880315316096e+00
4.664522208092003711e+04 3.396538765359679690e+00
5.018642223958190152e+04 3.518991902317805121e+00
5.399646233520348324e+04 3.644934903683248795e+00
5.809575209004455246e+04 3.774391275375356347e+00
6.250625068649133027e+04 3.907342957988104271e+00
6.725158439857803751e+04 4.043580991712235395e+00
7.235717315382850938e+04 4.182416373462186421e+00
7.785036670338759723e+04 4.322304473360069288e+00
8.376059112988223205e+04 4.460589686040882462e+00
9.011950647782905435e+04 4.593639566706292143e+00
9.696117635098753090e+04 4.717479791265311029e+00
1.043222503851619113e+05 4.828736402300258135e+00
1.122421605739271909e+05 4.925387423007103749e+00
1.207633324989618268e+05 5.007079156943000875e+00
1.299314125965113199e+05 5.074825054794893653e+00
1.397955126774096861e+05 5.130550463938675421e+00
1.504084730105100025e+05 5.176526302973838867e+00
1.618271453788161743e+05 5.214974902420988379e+00
1.741126976245984551e+05 5.247897047870944576e+00
1.873309413148879248e+05 5.276962865207931230e+00
2.015526842825970962e+05 5.303483937228270939e+00
2.168541099317678891e+05 5.328490518740225390e+00
2.333171853388194577e+05 5.352773752601515334e+00
2.510301003359232855e+05 5.376935953607808294e+00
2.700877399285986321e+05 5.401440663756583049e+00
2.905921925781873870e+05 5.426619279409527152e+00
3.126532970719893347e+05 5.452770003115833042e+00
3.363892309105456225e+05 5.480069134424422117e+00
3.619271433639590978e+05 5.508721687605003581e+00
3.894038365884242230e+05 5.538860659594668334e+00
4.189664984515889664e+05 5.570603958447196469e+00
4.507734909923672676e+05 5.604040629235992554e+00
4.849951987388436683e+05 5.639266350695391061e+00
5.218149414285618113e+05 5.676362158519443035e+00
5.614299560204808367e+05 5.715380914110076205e+00
6.040524532590669114e+05 5.756373375175924956e+00
6.499107544503494864e+05 5.799383142027300764e+00
6.992505145394547144e+05 5.844437872643176490e+00
7.523360380414293613e+05 5.891568020439528652e+00
8.094516948745674454e+05 5.940801285269244225e+00
8.709034436806135345e+05 5.992123136957539842e+00
9.370204707920025103e+05 6.045541816453500417e+00
1.008156953625800204e+06 6.101053618915896593e+00
1.084693957950538257e+06 6.158667661536994409e+00
1.167041479189271806e+06 6.218355189523847137e+00
1.255640638693766668e+06 6.280137442241111145e+00
1.350966046754873358e+06 6.343998404285496662e+00
1.453528345007324591e+06 6.409959766377421708e+00
1.563876941848176531e+06 6.478034957222472023e+00
1.682602955522054574e+06 6.548280830720119461e+00
1.810342380638799397e+06 6.620730927445014125e+00
1.947779495085998205e+06 6.695456051877896719e+00
2.095650525586638367e+06 6.772574900614306337e+00
2.254747591537639499e+06 6.852196980901223533e+00
2.425922948255719151e+06 6.934471080863152892e+00
2.610093552360926755e+06 7.019574747045528085e+00
2.808245973753804341e+06 7.107717756622184524e+00
3.021441680498789065e+06 7.199146214346396455e+00
3.250822724924053997e+06 7.294132047265390106e+00
3.497617861397238448e+06 7.393025532842215419e+00
3.763149128548923880e+06 7.496198356496496906e+00
4.048838931203688029e+06 7.604046589369961140e+00
4.356217659955407493e+06 7.717061228697930986e+00
4.686931889203545637e+06 7.835799954347153928e+00
5.042753197565887123e+06 7.960878792213706312e+00
5.425587657917130738e+06 8.092992042112641116e+00
5.837486047889830545e+06 8.232936024902691940e+00
6.280654835533560254e+06 8.381611647683397948e+00
6.757467998980570585e+06 8.540028938667331815e+00
7.270479743433829397e+06 8.709329332664502488e+00
7.822438183600138873e+06 8.890796305686814449e+00
8.416300064862748608e+06 9.085876568823717747e+00
9.055246602052221075e+06 9.296189303233539647e+00
9.742700520661093295e+06 9.523550232372663515e+00
1.048234439178916067e+07 9.769980191904370059e+00
1.127814035903648660e+07 1.003771128336355112e+01
1.213435136301768944e+07 1.032917943968319641e+01
1.305556397719353065e+07 1.064701125634157286e+01
1.404671297734737210e+07 1.099396931753805084e+01
1.511310777632093988e+07 1.137286916903654088e+01
1.626046086561565287e+07 1.178652330871453913e+01
1.749491841621624306e+07 1.223753208133807391e+01
1.882309320255996287e+07 1.272819251211779701e+01
2.025210002601933107e+07 1.326031473637799074e+01
2.178959382765589654e+07 1.383504369865622152e+01
2.344381069440836459e+07 1.445258643523511211e+01
2.522361197837815806e+07 1.511338036531405749e+01
2.713853176555170119e+07 1.581484612991600791e+01
2.919882794824116305e+07 1.655539922929816754e+01
3.141553717482981086e+07 1.733185170502211747e+01
3.380053397117823362e+07 1.814016599161201171e+01
-----------------------



