efield[V/m]_vs_mu[m2/Vs]
AIR
COMMENT: data generated by bolos
-----------------------
2.414323855084169554e+04 2.611590810733398493e-01
2.597613882171045407e+04 2.542859664083069182e-01
2.794818875122489044e+04 2.476211797999674225e-01
3.006995226793526308e+04 2.411082903586126147e-01
3.235279529004456344e+04 2.346909919547388590e-01
3.480894661065589753e+04 2.283138066210135819e-01
3.745156340529064619e+04 2.219242572410387582e-01
4.029480171258984046e+04 2.154755150693258570e-01
4.335389226575152861e+04 2.089295926137526849e-01
4.664522208092003711e+04 2.022608695903714005e-01
5.018642223958190152e+04 1.954588123679692480e-01
5.399646233520348324e+04 1.885304169245030914e-01
5.809575209004455246e+04 1.815008193570898931e-01
6.250625068649133027e+04 1.744119366085664369e-01
6.725158439857803751e+04 1.673194059089281316e-01
7.235717315382850938e+04 1.602878116511394779e-01
7.785036670338759723e+04 1.533848469112525648e-01
8.376059112988223205e+04 1.466766506415146665e-01
9.011950647782905435e+04 1.402214919921471736e-01
9.696117635098753090e+04 1.340672996709383336e-01
1.043222503851619113e+05 1.282493348707874070e-01
1.122421605739271909e+05 1.227896360718658264e-01
1.207633324989618268e+05 1.176976129017921896e-01
1.299314125965113199e+05 1.129715064635793825e-01
1.397955126774096861e+05 1.086003992494462000e-01
1.504084730105100025e+05 1.045663375858037203e-01
1.618271453788161743e+05 1.008472567753095211e-01
1.741126976245984551e+05 9.741779849870495223e-02
1.873309413148879248e+05 9.425273210838842897e-02
2.015526842825970962e+05 9.132727361640871622e-02
2.168541099317678891e+05 8.861846286215041557e-02
2.333171853388194577e+05 8.610558529621112345e-02
2.510301003359232855e+05 8.377054317129875582e-02
2.700877399285986321e+05 8.159801502687144548e-02
2.905921925781873870e+05 7.957396900120794481e-02
3.126532970719893347e+05 7.768664918104310757e-02
3.363892309105456225e+05 7.592526985630848602e-02
3.619271433639590978e+05 7.427988313689176669e-02
3.894038365884242230e+05 7.274062833390779192e-02
4.189664984515889664e+05 7.129827174969008419e-02
4.507734909923672676e+05 6.994395403346967410e-02
4.849951987388436683e+05 6.866792349886050029e-02
5.218149414285618113e+05 6.746162953650219896e-02
5.614299560204808367e+05 6.631557364763020213e-02
6.040524532590669114e+05 6.522132099391476923e-02
6.499107544503494864e+05 6.417038699489800713e-02
6.992505145394547144e+05 6.315537235689580586e-02
7.523360380414293613e+05 6.216885801543564627e-02
8.094516948745674454e+05 6.120435536424677359e-02
8.709034436806135345e+05 6.025620737685975087e-02
9.370204707920025103e+05 5.931968940392926687e-02
1.008156953625800204e+06 5.839110435381757863e-02
1.084693957950538257e+06 5.746798514734005603e-02
1.167041479189271806e+06 5.654876565326868304e-02
1.255640638693766668e+06 5.563369928343878806e-02
1.350966046754873358e+06 5.472399841930541270e-02
1.453528345007324591e+06 5.382238536328411149e-02
1.563876941848176531e+06 5.293259575691838803e-02
1.682602955522054574e+06 5.205812672878705472e-02
1.810342380638799397e+06 5.120338288677285521e-02
1.947779495085998205e+06 5.037193793032193612e-02
2.095650525586638367e+06 4.956639552647384289e-02
2.254747591537639499e+06 4.878792104787749162e-02
2.425922948255719151e+06 4.803636078566809325e-02
2.610093552360926755e+06 4.731001107210475870e-02
2.808245973753804341e+06 4.660568850978995259e-02
3.021441680498789065e+06 4.592022707684219329e-02
3.250822724924053997e+06 4.524973058227747813e-02
3.497617861397238448e+06 4.459049066677157891e-02
3.763149128548923880e+06 4.393902498225608216e-02
4.048838931203688029e+06 4.329235945451365836e-02
4.356217659955407493e+06 4.264808542640136091e-02
4.686931889203545637e+06 4.200420741133660540e-02
5.042753197565887123e+06 4.135913685393474010e-02
5.425587657917130738e+06 4.071174924853290800e-02
5.837486047889830545e+06 4.006124425085988427e-02
6.280654835533560254e+06 3.940701587920356769e-02
6.757467998980570585e+06 3.874881018454911369e-02
7.270479743433829397e+06 3.808643992344333540e-02
7.822438183600138873e+06 3.741985826611526900e-02
8.416300064862748608e+06 3.674921283628087426e-02
9.055246602052221075e+06 3.607463615405535201e-02
9.742700520661093295e+06 3.539624910556431886e-02
1.048234439178916067e+07 3.471403692087065423e-02
1.127814035903648660e+07 3.402766035618252222e-02
1.213435136301768944e+07 3.333629558144758642e-02
1.305556397719353065e+07 3.263843051033196024e-02
1.404671297734737210e+07 3.193167971466060601e-02
1.511310777632093988e+07 3.121270602085768342e-02
1.626046086561565287e+07 3.047723207719062535e-02
1.749491841621624306e+07 2.972019815134152240e-02
1.882309320255996287e+07 2.893608201580818301e-02
2.025210002601933107e+07 2.811932009041245503e-02
2.178959382765589654e+07 2.726490314612027913e-02
2.344381069440836459e+07 2.636865865165582273e-02
2.522361197837815806e+07 2.542796311155259489e-02
2.713853176555170119e+07 2.444205444749616638e-02
2.919882794824116305e+07 2.341196140061442901e-02
3.141553717482981086e+07 2.234085402312013802e-02
3.380053397117823362e+07 2.123374838603604015e-02
-----------------------



efield[V/m]_vs_dif[m2/s]
AIR
COMMENT: data generated by bolos
-----------------------
2.414323855084169554e+04 5.287446736133474129e-02
2.597613882171045407e+04 5.321057524801438982e-02
2.794818875122489044e+04 5.357857216947646550e-02
3.006995226793526308e+04 5.398466332685178393e-02
3.235279529004456344e+04 5.443588208428699893e-02
3.480894661065589753e+04 5.493991379722670126e-02
3.745156340529064619e+04 5.550474350138077939e-02
4.029480171258984046e+04 5.613811357050647183e-02
4.335389226575152861e+04 5.684678267426591936e-02
4.664522208092003711e+04 5.763562095988392781e-02
5.018642223958190152e+04 5.850666344328053770e-02
5.399646233520348324e+04 5.945823366655695469e-02
5.809575209004455246e+04 6.048435212443723646e-02
6.250625068649133027e+04 6.157459433642008262e-02
6.725158439857803751e+04 6.271447719817209443e-02
7.235717315382850938e+04 6.388638038065092006e-02
7.785036670338759723e+04 6.507088391664980764e-02
8.376059112988223205e+04 6.624817636830351852e-02
9.011950647782905435e+04 6.739961782045679473e-02
9.696117635098753090e+04 6.850880557054023212e-02
1.043222503851619113e+05 6.956237110724501627e-02
1.122421605739271909e+05 7.055032816065225088e-02
1.207633324989618268e+05 7.146605565939016802e-02
1.299314125965113199e+05 7.230600435686640459e-02
1.397955126774096861e+05 7.306923379303813249e-02
1.504084730105100025e+05 7.375689366581097972e-02
1.618271453788161743e+05 7.437162703393350449e-02
1.741126976245984551e+05 7.491719859675875781e-02
1.873309413148879248e+05 7.539795554648641429e-02
2.015526842825970962e+05 7.581859737152052414e-02
2.168541099317678891e+05 7.618386308418624575e-02
2.333171853388194577e+05 7.649847892445973963e-02
2.510301003359232855e+05 7.676683591752710145e-02
2.700877399285986321e+05 7.699300093512168042e-02
2.905921925781873870e+05 7.718078007546219643e-02
3.126532970719893347e+05 7.733353981312195147e-02
3.363892309105456225e+05 7.745429579806448195e-02
3.619271433639590978e+05 7.754568198152442249e-02
3.894038365884242230e+05 7.761008655531088929e-02
4.189664984515889664e+05 7.764946150117632562e-02
4.507734909923672676e+05 7.766548126607826508e-02
4.849951987388436683e+05 7.765970940616001572e-02
5.218149414285618113e+05 7.763340391698089760e-02
5.614299560204808367e+05 7.758794733385913911e-02
6.040524532590669114e+05 7.752482567493658439e-02
6.499107544503494864e+05 7.744618273181919088e-02
6.992505145394547144e+05 7.735532411390250163e-02
7.523360380414293613e+05 7.725782329784469660e-02
8.094516948745674454e+05 7.716275654912829740e-02
8.709034436806135345e+05 7.708447666013985844e-02
9.370204707920025103e+05 7.704470022524452510e-02
1.008156953625800204e+06 7.707473908733229739e-02
1.084693957950538257e+06 7.721751641147447942e-02
1.167041479189271806e+06 7.752893494067121527e-02
1.255640638693766668e+06 7.807756949777723554e-02
1.350966046754873358e+06 7.894268587945238447e-02
1.453528345007324591e+06 8.020904248395753500e-02
1.563876941848176531e+06 8.195917137499850180e-02
1.682602955522054574e+06 8.426451129602062495e-02
1.810342380638799397e+06 8.717372713292642628e-02
1.947779495085998205e+06 9.070480191848689921e-02
2.095650525586638367e+06 9.484003263528881233e-02
2.254747591537639499e+06 9.952683296521575018e-02
2.425922948255719151e+06 1.046830415513141793e-01
2.610093552360926755e+06 1.102082874481255942e-01
2.808245973753804341e+06 1.159960149435087101e-01
3.021441680498789065e+06 1.219432256329239378e-01
3.250822724924053997e+06 1.279607070679193159e-01
3.497617861397238448e+06 1.339773111980537279e-01
3.763149128548923880e+06 1.399423131813978538e-01
4.048838931203688029e+06 1.458248431337002549e-01
4.356217659955407493e+06 1.516106433283517241e-01
4.686931889203545637e+06 1.573006074778854901e-01
5.042753197565887123e+06 1.629061621428450346e-01
5.425587657917130738e+06 1.684467284822168121e-01
5.837486047889830545e+06 1.739471144826924554e-01
6.280654835533560254e+06 1.794354110675787650e-01
6.757467998980570585e+06 1.849406282575097871e-01
7.270479743433829397e+06 1.904925814605556156e-01
7.822438183600138873e+06 1.961205658667564133e-01
8.416300064862748608e+06 2.018520097711477279e-01
9.055246602052221075e+06 2.077131733529137825e-01
9.742700520661093295e+06 2.137283587767588589e-01
1.048234439178916067e+07 2.199198860386664955e-01
1.127814035903648660e+07 2.263081559928157016e-01
1.213435136301768944e+07 2.329113115170846071e-01
1.305556397719353065e+07 2.397449373904120828e-01
1.404671297734737210e+07 2.468216144626908526e-01
1.511310777632093988e+07 2.541500676994618013e-01
1.626046086561565287e+07 2.617343401775025780e-01
1.749491841621624306e+07 2.695729134844345176e-01
1.882309320255996287e+07 2.776578694063019381e-01
2.025210002601933107e+07 2.859744967420996264e-01
2.178959382765589654e+07 2.945002906567052436e-01
2.344381069440836459e+07 3.032073606565736101e-01
2.522361197837815806e+07 3.120607369064223313e-01
2.713853176555170119e+07 3.210194999452904430e-01
2.919882794824116305e+07 3.300404212532069836e-01
3.141553717482981086e+07 3.390762320015128783e-01
3.380053397117823362e+07 3.480785953465440064e-01
-----------------------



efield[V/m]_vs_alpha[1/m]
AIR
COMMENT: data generated by bolos
-----------------------
2.414323855084169554e+04 5.521570226851814604e-54
2.597613882171045407e+04 1.232066869967007146e-52
2.794818875122489044e+04 7.297925827185783465e-57
3.006995226793526308e+04 3.965994744415530828e-56
3.235279529004456344e+04 1.552354832449135147e-55
3.480894661065589753e+04 4.749511783635278789e-55
3.745156340529064619e+04 1.196314585133428636e-54
4.029480171258984046e+04 2.653028562215223389e-54
4.335389226575152861e+04 5.607879856278046597e-54
4.664522208092003711e+04 9.980736792530205068e-54
5.018642223958190152e+04 1.713956103690134249e-53
5.399646233520348324e+04 3.052543983875173680e-53
5.809575209004455246e+04 5.108215894938841772e-53
6.250625068649133027e+04 2.019991644072884726e-52
6.725158439857803751e+04 1.122802708075702249e-50
7.235717315382850938e+04 1.189232556835773362e-48
7.785036670338759723e+04 2.392079422223552193e-44
8.376059112988223205e+04 2.038127815575736750e-42
9.011950647782905435e+04 1.620022593637617445e-40
9.696117635098753090e+04 1.030922274875493659e-38
1.043222503851619113e+05 5.726972789973505926e-37
1.122421605739271909e+05 2.727500379179390852e-35
1.207633324989618268e+05 1.088552060445613238e-33
1.299314125965113199e+05 3.963063579112209983e-32
1.397955126774096861e+05 1.281418035572529604e-30
1.504084730105100025e+05 2.483181519112463805e-27
1.618271453788161743e+05 1.054042230488682919e-27
1.741126976245984551e+05 5.885903932337334513e-26
1.873309413148879248e+05 1.825871633147887933e-24
2.015526842825970962e+05 5.482520860925662138e-23
2.168541099317678891e+05 1.775068594079281324e-21
2.333171853388194577e+05 2.663118129213787307e-19
2.510301003359232855e+05 1.125339855397756758e-17
2.700877399285986321e+05 9.001022291198659311e-17
2.905921925781873870e+05 2.096735663170754050e-15
3.126532970719893347e+05 4.072491824325481508e-14
3.363892309105456225e+05 6.633836977719333448e-13
3.619271433639590978e+05 9.096355087277995122e-12
3.894038365884242230e+05 1.074072291568838411e-10
4.189664984515889664e+05 1.053206087088668641e-09
4.507734909923672676e+05 8.954265303168833477e-09
4.849951987388436683e+05 6.638948970808024965e-08
5.218149414285618113e+05 4.309116850279016455e-07
5.614299560204808367e+05 2.470140895510802457e-06
6.040524532590669114e+05 1.260168161406872867e-05
6.499107544503494864e+05 5.765838814841788273e-05
6.992505145394547144e+05 2.383359347043573987e-04
7.523360380414293613e+05 8.964147202927004844e-04
8.094516948745674454e+05 3.088570932850496185e-03
8.709034436806135345e+05 9.811497854479213701e-03
9.370204707920025103e+05 2.891361600346522426e-02
1.008156953625800204e+06 7.950116213408649213e-02
1.084693957950538257e+06 2.050722831242190458e-01
1.167041479189271806e+06 4.987913612079021841e-01
1.255640638693766668e+06 1.149205041864994392e+00
1.350966046754873358e+06 2.518800520558753142e+00
1.453528345007324591e+06 5.271282854194359047e+00
1.563876941848176531e+06 1.056744835469897303e+01
1.682602955522054574e+06 2.035353586483351762e+01
1.810342380638799397e+06 3.775406121753219679e+01
1.947779495085998205e+06 6.758738195696149376e+01
2.095650525586638367e+06 1.169960921477360642e+02
2.254747591537639499e+06 1.961798883000834621e+02
2.425922948255719151e+06 3.191890539642969316e+02
2.610093552360926755e+06 5.047755009705016391e+02
2.808245973753804341e+06 7.772582461718150171e+02
3.021441680498789065e+06 1.167326519333440956e+03
3.250822724924053997e+06 1.712882387721981331e+03
3.497617861397238448e+06 2.459769019769134047e+03
3.763149128548923880e+06 3.462466452176773601e+03
4.048838931203688029e+06 4.784670141655250518e+03
4.356217659955407493e+06 6.499608583011713563e+03
4.686931889203545637e+06 8.690398653442716750e+03
5.042753197565887123e+06 1.144986617189992648e+04
5.425587657917130738e+06 1.488015908587929880e+04
5.837486047889830545e+06 1.909197393372936858e+04
6.280654835533560254e+06 2.420341516148491064e+04
6.757467998980570585e+06 3.033797834601924478e+04
7.270479743433829397e+06 3.762293868699328596e+04
7.822438183600138873e+06 4.618677751357603847e+04
8.416300064862748608e+06 5.615582585245178052e+04
9.055246602052221075e+06 6.765180853849857522e+04
9.742700520661093295e+06 8.078813200892599707e+04
1.048234439178916067e+07 9.566637137467447610e+04
1.127814035903648660e+07 1.123728964108463115e+05
1.213435136301768944e+07 1.309751978474311763e+05
1.305556397719353065e+07 1.515188030713167100e+05
1.404671297734737210e+07 1.740252087078942277e+05
1.511310777632093988e+07 1.984908170303806255e+05
1.626046086561565287e+07 2.248881297043118975e+05
1.749491841621624306e+07 2.531693197839961504e+05
1.882309320255996287e+07 2.832719898134723189e+05
2.025210002601933107e+07 3.151277214168967912e+05
2.178959382765589654e+07 3.486672618368171970e+05
2.344381069440836459e+07 3.838396217693239450e+05
2.522361197837815806e+07 4.206110053443736397e+05
2.713853176555170119e+07 4.589715282769712503e+05
2.919882794824116305e+07 4.989540514727350674e+05
3.141553717482981086e+07 5.406210861043281620e+05
3.380053397117823362e+07 5.840765645015576156e+05
-----------------------



efield[V/m]_vs_eta[1/m]
AIR
COMMENT: data generated by bolos
-----------------------
2.414323855084169554e+04 4.838553151221518783e+04
2.597613882171045407e+04 4.459541629347553680e+04
2.794818875122489044e+04 4.107087966966136446e+04
3.006995226793526308e+04 3.779927677986029448e+04
3.235279529004456344e+04 3.476714707462552178e+04
3.480894661065589753e+04 3.196059211815025628e+04
3.745156340529064619e+04 2.936555156286565398e+04
4.029480171258984046e+04 2.696804918642525809e+04
4.335389226575152861e+04 2.475441038251973805e+04
4.664522208092003711e+04 2.271145865655594753e+04
5.018642223958190152e+04 2.082669653590742746e+04
5.399646233520348324e+04 1.908844762311354862e+04
5.809575209004455246e+04 1.748596236467038398e+04
6.250625068649133027e+04 1.600946482429857315e+04
6.725158439857803751e+04 1.465013542459545351e+04
7.235717315382850938e+04 1.340003025573707055e+04
7.785036670338759723e+04 1.225194843287831463e+04
8.376059112988223205e+04 1.119927996335038733e+04
9.011950647782905435e+04 1.023583850156736844e+04
9.696117635098753090e+04 9.355735583151143146e+03
1.043222503851619113e+05 8.553284989408990441e+03
1.122421605739271909e+05 7.822953842417105079e+03
1.207633324989618268e+05 7.159349364571718979e+03
1.299314125965113199e+05 6.557230611610039887e+03
1.397955126774096861e+05 6.011532278651338856e+03
1.504084730105100025e+05 5.517389066695544898e+03
1.618271453788161743e+05 5.070163267210039521e+03
1.741126976245984551e+05 4.665459473161025926e+03
1.873309413148879248e+05 4.299141482385824020e+03
2.015526842825970962e+05 3.967339702729157125e+03
2.168541099317678891e+05 3.666470254396087967e+03
2.333171853388194577e+05 3.393216004848496596e+03
2.510301003359232855e+05 3.144574778319999041e+03
2.700877399285986321e+05 2.917834709634988030e+03
2.905921925781873870e+05 2.710561495214009028e+03
3.126532970719893347e+05 2.520606142037936024e+03
3.363892309105456225e+05 2.346080058819976330e+03
3.619271433639590978e+05 2.185338861811060724e+03
3.894038365884242230e+05 2.036946976189191219e+03
4.189664984515889664e+05 1.899674670525419288e+03
4.507734909923672676e+05 1.772457862195162306e+03
4.849951987388436683e+05 1.654366962717187334e+03
5.218149414285618113e+05 1.544607616643291522e+03
5.614299560204808367e+05 1.442483218281713334e+03
6.040524532590669114e+05 1.347402281805235134e+03
6.499107544503494864e+05 1.258872061020170122e+03
6.992505145394547144e+05 1.176515181188642600e+03
7.523360380414293613e+05 1.100083899125764674e+03
8.094516948745674454e+05 1.029499745413649407e+03
8.709034436806135345e+05 9.648849003532380948e+02
9.370204707920025103e+05 9.066106090416827783e+02
1.008156953625800204e+06 8.552966142104149867e+02
1.084693957950538257e+06 8.118163425862485383e+02
1.167041479189271806e+06 7.772477164352532100e+02
1.255640638693766668e+06 7.527579490813619714e+02
1.350966046754873358e+06 7.394474199799931284e+02
1.453528345007324591e+06 7.381218368319481442e+02
1.563876941848176531e+06 7.490541674785608848e+02
1.682602955522054574e+06 7.717921693928968807e+02
1.810342380638799397e+06 8.049951068876689533e+02
1.947779495085998205e+06 8.464354687266875317e+02
2.095650525586638367e+06 8.931703964711222170e+02
2.254747591537639499e+06 9.418300585695154723e+02
2.425922948255719151e+06 9.889755534543637623e+02
2.610093552360926755e+06 1.031507947191865242e+03
2.808245973753804341e+06 1.066948555014473186e+03
3.021441680498789065e+06 1.093565134403062302e+03
3.250822724924053997e+06 1.110440853885043225e+03
3.497617861397238448e+06 1.117371535346642531e+03
3.763149128548923880e+06 1.114733116999604817e+03
4.048838931203688029e+06 1.103314601266728005e+03
4.356217659955407493e+06 1.084148578198166206e+03
4.686931889203545637e+06 1.058402465350178772e+03
5.042753197565887123e+06 1.027262889935578414e+03
5.425587657917130738e+06 9.918702389549290501e+02
5.837486047889830545e+06 9.532775024304301041e+02
6.280654835533560254e+06 9.124294755486789654e+02
6.757467998980570585e+06 8.701448357305656600e+02
7.270479743433829397e+06 8.271299516151721036e+02
7.822438183600138873e+06 7.839792385122276528e+02
8.416300064862748608e+06 7.411798162019358642e+02
9.055246602052221075e+06 6.991320151549747379e+02
9.742700520661093295e+06 6.581569300432006457e+02
1.048234439178916067e+07 6.185099938728112647e+02
1.127814035903648660e+07 5.803937296087274262e+02
1.213435136301768944e+07 5.439677910698740106e+02
1.305556397719353065e+07 5.093583624046257228e+02
1.404671297734737210e+07 4.766658093808711669e+02
1.511310777632093988e+07 4.459687366233953867e+02
1.626046086561565287e+07 4.173264970510741136e+02
1.749491841621624306e+07 3.907798431767615739e+02
1.882309320255996287e+07 3.663496572692168911e+02
2.025210002601933107e+07 3.440363197226173497e+02
2.178959382765589654e+07 3.238180155892418952e+02
2.344381069440836459e+07 3.056543404536090520e+02
2.522361197837815806e+07 2.894850743460077069e+02
2.713853176555170119e+07 2.752339669570044407e+02
2.919882794824116305e+07 2.628160175851255644e+02
3.141553717482981086e+07 2.521389226995914328e+02
3.380053397117823362e+07 2.431085909772884008e+02
-----------------------



efield[V/m]_vs_energy[eV]
AIR
COMMENT: data generated by bolos
-----------------------
2.414323855084169554e+04 2.290276840591607965e-01
2.597613882171045407e+04 2.381927364208003273e-01
2.794818875122489044e+04 2.480365645344170811e-01
3.006995226793526308e+04 2.586989335699912407e-01
3.235279529004456344e+04 2.703435788747867718e-01
3.480894661065589753e+04 2.831567043713563159e-01
3.745156340529064619e+04 2.973416875564303119e-01
4.029480171258984046e+04 3.131094328953970551e-01
4.335389226575152861e+04 3.306636019611440269e-01
4.664522208092003711e+04 3.501808190168958501e-01
5.018642223958190152e+04 3.717880407747387039e-01
5.399646233520348324e+04 3.955390061579836525e-01
5.809575209004455246e+04 4.213947242250485337e-01
6.250625068649133027e+04 4.492122577504977787e-01
6.725158439857803751e+04 4.787446301620429390e-01
7.235717315382850938e+04 5.096535122776052473e-01
7.785036670338759723e+04 5.415338357617272003e-01
8.376059112988223205e+04 5.739407590096547995e-01
9.011950647782905435e+04 6.064279286048808171e-01
9.696117635098753090e+04 6.385732255685525605e-01
1.043222503851619113e+05 6.700027934903705074e-01
1.122421605739271909e+05 7.004056945864256534e-01
1.207633324989618268e+05 7.295405578805864710e-01
1.299314125965113199e+05 7.572353894005099395e-01
1.397955126774096861e+05 7.833824041436163732e-01
1.504084730105100025e+05 8.079304944367046160e-01
1.618271453788161743e+05 8.308721946331338870e-01
1.741126976245984551e+05 8.522410219200269310e-01
1.873309413148879248e+05 8.720932942430391632e-01
2.015526842825970962e+05 8.905060430207913935e-01
2.168541099317678891e+05 9.075686237508275855e-01
2.333171853388194577e+05 9.233767792356626369e-01
2.510301003359232855e+05 9.380299573388175549e-01
2.700877399285986321e+05 9.516257533573164729e-01
2.905921925781873870e+05 9.642646682385604961e-01
3.126532970719893347e+05 9.760418234570295004e-01
3.363892309105456225e+05 9.870513247748989860e-01
3.619271433639590978e+05 9.973851545907091998e-01
3.894038365884242230e+05 1.007134851860544300e+00
4.189664984515889664e+05 1.016390144571151177e+00
4.507734909923672676e+05 1.025239018292563697e+00
4.849951987388436683e+05 1.033776246831900059e+00
5.218149414285618113e+05 1.042095971803003174e+00
5.614299560204808367e+05 1.050308463286952376e+00
6.040524532590669114e+05 1.058540189639678442e+00
6.499107544503494864e+05 1.066956625114429347e+00
6.992505145394547144e+05 1.075783282462428936e+00
7.523360380414293613e+05 1.085351004659162566e+00
8.094516948745674454e+05 1.096145425182251776e+00
8.709034436806135345e+05 1.108876723050291613e+00
9.370204707920025103e+05 1.124559603984708334e+00
1.008156953625800204e+06 1.144595790606008912e+00
1.084693957950538257e+06 1.170843841851848088e+00
1.167041479189271806e+06 1.205659489778230453e+00
1.255640638693766668e+06 1.251863954823861258e+00
1.350966046754873358e+06 1.312646534326721959e+00
1.453528345007324591e+06 1.391338704403643822e+00
1.563876941848176531e+06 1.491096649305592603e+00
1.682602955522054574e+06 1.614554446115993080e+00
1.810342380638799397e+06 1.763372727154007835e+00
1.947779495085998205e+06 1.937963858588156230e+00
2.095650525586638367e+06 2.137341105986975354e+00
2.254747591537639499e+06 2.359203999533741047e+00
2.425922948255719151e+06 2.600193619214884677e+00
2.610093552360926755e+06 2.856378362089423639e+00
2.808245973753804341e+06 3.123744881781933991e+00
3.021441680498789065e+06 3.398571519254410145e+00
3.250822724924053997e+06 3.677823377420887496e+00
3.497617861397238448e+06 3.959292105736480494e+00
3.763149128548923880e+06 4.241665701804827826e+00
4.048838931203688029e+06 4.524484769346634572e+00
4.356217659955407493e+06 4.807994246209614353e+00
4.686931889203545637e+06 5.093082001375361934e+00
5.042753197565887123e+06 5.381085667278523665e+00
5.425587657917130738e+06 5.673693222679712989e+00
5.837486047889830545e+06 5.972841918916858894e+00
6.280654835533560254e+06 6.280639318103608204e+00
6.757467998980570585e+06 6.599269515360979277e+00
7.270479743433829397e+06 6.931002696473482771e+00
7.822438183600138873e+06 7.278147082862564510e+00
8.416300064862748608e+06 7.642994941765795858e+00
9.055246602052221075e+06 8.027866451765232725e+00
9.742700520661093295e+06 8.435077720892277142e+00
1.048234439178916067e+07 8.866941382364654345e+00
1.127814035903648660e+07 9.325765620207647544e+00
1.213435136301768944e+07 9.813822472761458471e+00
1.305556397719353065e+07 1.033330534300915104e+01
1.404671297734737210e+07 1.088626419360367592e+01
1.511310777632093988e+07 1.147450200004713139e+01
1.626046086561565287e+07 1.209945803038471190e+01
1.749491841621624306e+07 1.276207766224663942e+01
1.882309320255996287e+07 1.346267994753685038e+01
2.025210002601933107e+07 1.420085745934828125e+01
2.178959382765589654e+07 1.497533389700555517e+01
2.344381069440836459e+07 1.578409166801199959e+01
2.522361197837815806e+07 1.662421193239018180e+01
2.713853176555170119e+07 1.749193273089745659e+01
2.919882794824116305e+07 1.838293668207434450e+01
3.141553717482981086e+07 1.929221892735834842e+01
3.380053397117823362e+07 2.021435735022205549e+01
-----------------------



